2.98606 0.955632 0.171904 0.537239 -0.48015 -0.470716 0.509172 
3.1407 -0.812162 0.405701 0.542085 -0.423143 -0.456963 0.564161 
1.74438 -0.983494 0.0686488 -0.0572015 0.71827 0.692683 -0.0317245 
2.45111 2.39204 0.115192 0.691792 0.0197571 0.0670048 0.71871 
3.17804 0.938512 0.193036 0.552896 -0.46094 -0.454234 0.524892 
0.5561 4.18496 -0.0908821 0.709081 -0.0474672 0.00466555 0.703512 
-2.89328 2.69363 -0.0355063 0.493685 0.487322 0.502879 0.515659 
-2.8738 0.760892 -0.0605255 -0.19133 0.72662 0.639161 -0.163979 
-2.89158 2.69316 -0.0336064 0.491529 0.477694 0.504661 0.524905 
-2.83831 0.845595 -0.057194 0.311942 0.614796 0.623896 0.368065 
-3.36818 1.65639 -0.231935 0.483156 0.495598 0.499039 0.521443 
-1.43675 -0.395422 -0.000390339 0.208642 0.669899 0.680575 0.211003 
0.323101 -1.26291 0.0900427 0.0428475 0.713259 0.696741 0.0630706 
0.0654731 -1.13892 0.0450132 0.0580568 0.716259 0.68934 0.0917243 
0.591325 -0.728294 -0.0940966 -0.0667993 0.728686 0.681167 -0.0237891 
-0.00713127 -1.09318 0.0207951 0.0649535 0.706594 0.698218 0.0948542 
0.780267 2.07321 0.119076 0.363942 0.592345 0.590628 0.409674 
-4.26773 7.90908 -0.450654 0.567406 0.386844 0.402995 0.604977 
-5.11 6.27083 0.0324349 0.296346 0.623892 0.635221 0.34559 
-4.43921 7.83073 -0.453604 0.678923 -0.155485 -0.111156 0.708895 
-5.10374 10.8225 -0.587511 0.536962 0.434021 0.456333 0.5613 
-1.90244 17.0322 -0.526926 -0.38107 0.606875 0.526987 -0.456917 
-1.80142 16.898 -0.540651 -0.378712 0.612699 0.523935 -0.454609 
-0.682373 19.8281 -0.611064 0.696237 -0.0918941 -0.0537576 0.709873 
-0.809196 19.624 -0.603673 0.679826 -0.118906 -0.0785835 0.719391 
-1.2459 22.0889 -0.149764 0.669105 -0.138865 -0.120923 0.719994 
-1.39937 21.8342 -0.136674 0.711481 -0.145952 -0.103071 0.679609 
-0.550151 20.7054 -0.569822 0.670469 -0.103346 -0.0787583 0.730471 
-1.60518 21.4834 -0.149447 0.657414 -0.130648 -0.115554 0.733066 
-0.650112 20.7058 -0.569902 0.688581 -0.104753 -0.0801791 0.71306 
1.96696 19.187 -0.475229 0.673963 -0.106724 -0.0836991 0.726208 
3.50214 17.8839 -0.50156 -0.43803 0.526935 0.534429 -0.494827 
3.55071 18.5839 -0.547398 -0.428048 0.529263 0.549034 -0.484992 
0.59529 16.0547 -0.37814 -0.0578678 0.71907 0.691817 -0.0312928 
0.5812 16.4472 -0.405422 0.0427464 0.732386 0.676596 0.0632617 
3.03217 17.2829 -0.331348 -0.416496 0.576288 0.544613 -0.444769 
0.579878 16.5301 -0.441277 0.0536279 0.712826 0.692277 0.0987701 
3.0293 17.3244 -0.333695 -0.418313 0.589362 0.539589 -0.431868 
0.652719 16.2619 -0.40426 0.106184 0.689796 0.699809 0.152227 
0.909068 16.0472 -0.366234 0.544524 0.416691 0.439475 0.58028 
2.42939 12.3241 -0.260698 -0.424138 0.570734 0.550378 -0.437554 
2.04789 10.3304 -0.180553 -0.42859 0.58514 0.537959 -0.429561 
1.2081 8.40532 -0.12131 0.0632336 0.726096 0.677986 0.095505 
-4.24432 9.96032 -0.522712 0.0680696 0.699314 0.701583 0.118778 
1.44407 16.073 -0.399122 0.0904059 0.707128 0.69309 0.10688 
3.88017 16.8671 -0.35585 -0.364882 0.635591 0.574051 -0.365173 
3.58597 17.0259 -0.349266 -0.394693 0.625044 0.556021 -0.379972 
1.22569 8.45584 -0.107765 0.106411 0.733966 0.657208 0.134346 
-1.47221 17.0423 -0.540451 -0.376078 0.62002 0.522553 -0.448417 
1.27711 21.1936 -0.630076 0.724363 -0.288035 -0.195177 0.59518 
5.38383 16.1824 -0.230958 0.106947 0.701972 0.679408 0.184936 
7.91688 16.4802 0.0144563 -0.408428 0.621993 0.541851 -0.39078 
7.92905 16.3797 0.0265909 -0.400375 0.649822 0.54258 -0.350769 
7.68654 20.7509 -0.148818 0.718791 -0.255608 -0.176766 0.621899 
7.69098 20.7096 -0.118485 0.694383 -0.27977 -0.19023 0.635117 
4.57647 22.2154 -0.165509 0.526568 0.383781 0.440089 0.617867 
4.53938 22.2039 -0.144089 0.540836 0.370941 0.428075 0.621813 
4.531 22.1384 -0.123373 0.564829 0.365035 0.409259 0.616624 
3.93002 22.1639 -0.138151 0.68432 -0.156909 -0.116709 0.70247 
-0.0734381 19.889 -0.363757 0.563563 0.336055 0.408896 0.634246 
-0.622775 14.872 -0.48775 0.0403591 0.720949 0.688757 0.0649382 
-1.2356 13.2369 -0.397373 -0.107017 0.718063 0.683413 -0.0766812 
-1.52717 9.11122 -0.431913 0.105484 0.703494 0.687116 0.147783 
-4.29838 10.2687 -0.523738 0.0693527 0.702733 0.698318 0.117082 
-1.55282 9.39905 -0.437031 0.0870731 0.695915 0.700815 0.130302 
-4.06552 8.58959 -0.494012 -0.0763523 0.678291 0.73068 -0.0140632 
-4.15618 9.30244 -0.51029 -0.0942935 0.684327 0.722 -0.0390001 
-5.14473 11.1605 -0.589187 0.533334 0.432633 0.462968 0.560396 
-4.3232 8.12811 -0.47382 0.122401 0.703007 0.681664 0.161656 
-4.49105 8.04028 -0.47843 -0.402161 0.610491 0.560627 -0.388927 
-4.32251 8.12477 -0.473233 0.117922 0.693534 0.692999 0.15766 
-4.31997 8.1122 -0.472895 0.111398 0.703307 0.684095 0.157999 
-2.7664 4.89351 -0.118293 -0.0333137 0.719964 0.693107 0.0120289 
-5.0798 6.25714 0.0377667 0.301065 0.624746 0.629074 0.351167 
-2.76707 4.89688 -0.117938 -0.0359362 0.71048 0.702799 0.000131109 
-2.59189 4.56316 -0.0799684 -0.035968 0.719044 0.693982 -0.00837821 
-3.00464 5.38871 -0.166585 -0.0415368 0.702681 0.710252 -0.00747999 
-0.616089 5.51115 0.119124 -0.385175 0.624764 0.581016 -0.351755 
-0.622387 5.50069 0.11994 -0.3716 0.583596 0.608288 -0.388992 
-0.84922 5.99106 0.0743974 -0.377961 0.619783 0.591683 -0.350606 
-2.33097 3.9746 -0.0156127 -0.0475547 0.742808 0.666577 -0.0406184 
-2.49418 4.47659 -0.0684729 -0.0473527 0.729572 0.681498 -0.0322946 
-3.53254 4.455 -0.229786 0.544728 0.396083 0.43219 0.599668 
-3.95382 2.60815 -0.232769 0.391189 0.553494 0.554339 0.483035 
-3.42466 4.39758 -0.222522 0.542528 0.395554 0.429692 0.603792 
-4.17648 3.56388 -0.4414 0.529729 0.403932 0.426103 0.612096 
-3.86664 2.54535 -0.224094 0.386822 0.552425 0.55621 0.48562 
-3.76728 2.47168 -0.21319 0.390283 0.553837 0.553213 0.484664 
-2.84542 0.855533 -0.0590545 0.301788 0.622226 0.631832 0.350067 
-1.62555 -0.443634 0.113667 0.157934 0.694571 0.66905 0.21213 
1.86447 0.577963 0.39741 0.445291 -0.463878 -0.547763 0.535247 
-0.931228 -0.279855 0.0264683 0.0281137 0.736619 0.668459 0.0988172 
1.99395 0.562744 0.407528 -0.481776 0.57401 0.501995 -0.431747 
1.50528 -1.13943 0.664408 -0.467013 0.51877 0.53144 -0.479945 
1.91854 0.555273 0.391809 -0.461273 0.589179 0.519671 -0.412356 
1.50557 -1.13963 0.664247 -0.473473 0.522173 0.528232 -0.473423 
1.88479 2.08224 0.267729 0.678635 -0.116524 -0.0143037 0.725032 
1.97035 0.549787 0.399226 -0.44589 0.580482 0.53321 -0.424159 
1.9137 2.09706 0.270079 0.67946 -0.124482 -0.0161461 0.722896 
