0.764666 12
0.398379 12
0.456219 6
0.240771 6
0.16661 6
0.144623 6
0.0731134 6
0.138057 6
0.126599 6
3.97028 18
1.38704 12
3.18336 18
1.46271 12
0.302265 6
0.538908 6
0.416563 6
0.310794 6
0.919135 6
2.28337 12
4.15086 18
4.26929 18
1.48352 6
1.4154 6
7.88237 18
2.23188 12
4.033 12
1.89042 12
0.554554 6
0.306358 6
0.46312 6
0.635059 6
0.947758 6
1.03731 6
0.740985 6
1.14139 6
0.0830111 6
0.115608 6
0.194652 6
0.268128 6
1.18487 6
0.081364 6
0.848691 6
0.191712 6
0.0837852 6
0.15077 6
1.00135 6
4.11638 12
0.576129 6
0.154576 6
0.701799 6
0.613031 6
1.17708 6
0.39236 6
0.234508 6
0.326023 6
0.385861 6
0.983501 6
1.85594 12
0.550487 6
0.617822 6
0.567821 6
0.921701 6
1.37097 6
1.46122 6
1.10313 6
1.07608 6
1.39589 6
0.805706 6
1.12251 6
