0 2.9697 0.952165 0.171518 0.520909 -0.476448 -0.486951 0.514324
1 3.01646 -0.806048 0.405759 0.525205 -0.42081 -0.476313 0.565866
2 2.44125 2.40944 0.124064 0.696501 0.0214041 0.042951 0.715949
3 0.617381 4.31298 -0.0114318 0.707254 -0.0148731 0.00302489 0.706797
4 -2.7985 3.13337 0.225775 0.518838 0.48822 0.468239 0.522686
5 -2.88953 1.27598 0.233049 0.3493 0.615952 0.594735 0.380636
6 -3.36037 2.13271 0.072681 0.506043 0.495572 0.466027 0.530233
7 -1.68126 0.00799514 0.241267 0.258072 0.666198 0.660902 0.229755
8 -0.198682 -0.891939 0.239539 0.11046 0.711014 0.68813 0.0934612
9 0.408992 -0.564663 0.0834238 -0.0224322 0.731163 0.681342 -0.025895
10 0.867486 2.17393 0.197895 0.370508 0.605611 0.585674 0.391082
11 -5.58308 7.88117 0.139094 0.547894 0.460426 0.446795 0.536838
12 -6.10026 6.13017 0.634645 0.258452 0.659016 0.663857 0.241234
13 -5.73706 7.77182 0.145942 0.700883 -0.0514985 -0.0744879 0.707505
14 -7.24268 10.769 0.168087 0.504524 0.511304 0.507849 0.475513
15 -5.77844 20.2429 0.931944 0.485326 -0.487417 -0.473549 0.550122
16 -4.48404 22.4729 1.00652 0.721324 -0.0692406 -0.143922 0.673931
17 -5.41079 24.5 1.19111 0.73788 -0.104355 -0.125167 0.654963
18 -6.50086 26.8272 2.0962 0.74429 0.0318285 0.00356716 0.667088
19 -5.29381 26.5131 1.52028 0.744372 -0.0191715 -0.0536265 0.665332
20 0.825323 24.6787 0.937792 -0.413911 0.553458 0.612416 -0.383808
21 -1.12521 26.2809 1.26315 0.741971 0.0165761 0.0209552 0.669899
22 -1.58759 20.9063 0.676516 -0.017099 0.670922 0.741291 -0.00768547
23 -2.89272 20.9022 0.752106 0.202995 0.657591 0.708713 0.155219
24 0.640253 22.1455 0.849093 -0.489085 0.484446 0.544456 -0.479244
25 -1.38218 20.726 0.691831 0.529067 0.465221 0.5205 0.482429
26 0.75584 17.453 0.403765 -0.50675 0.475624 0.529069 -0.486901
27 0.842237 15.4384 0.289143 -0.508318 0.484073 0.519699 -0.487031
28 0.477149 13.3416 0.168394 -0.0126118 0.724841 0.688644 -0.0147362
29 -5.28725 13.3788 0.279261 0.00147959 0.678275 0.734688 -0.0131936
30 -2.98401 24.1623 1.11728 0.73046 -0.025398 -0.0235714 0.682076
31 -3.24051 20.8358 0.767179 -0.444492 0.519623 0.581323 -0.441002
32 -4.67643 26.5636 1.49212 0.585207 0.422277 0.46618 0.511752
33 -5.73809 24.6632 1.11581 0.0394535 0.661504 0.74585 0.0675556
34 -8.13641 27.3493 1.42947 0.530417 0.473795 0.5125 0.481164
35 -8.3188 23.2568 1.38713 0.531035 0.462137 0.524234 0.479177
36 -6.01848 20.303 0.876994 0.0298404 0.670797 0.740783 -0.0195419
37 -6.59531 18.7344 0.729186 -0.0907543 0.691893 0.704399 -0.129884
38 -6.36276 17.1337 0.681253 -0.139373 0.671318 0.710329 -0.159189
39 -8.15979 13.3034 0.451006 -0.0154804 0.672336 0.739531 -0.0285993
40 -6.20924 10.0893 0.131969 0.0502208 0.709019 0.702396 0.0375464
41 -5.78631 8.03953 0.130276 0.0730026 0.713559 0.695013 0.0496038
42 -5.93604 7.93033 0.137743 -0.448264 0.538378 0.534493 -0.472785
43 -3.54883 5.39364 0.209344 -0.100739 0.689528 0.70638 -0.124217
44 -1.31121 6.14002 0.273309 -0.429657 0.545852 0.565216 -0.44494
45 -1.7769 3.39211 0.275008 -0.0663656 0.725157 0.675695 -0.114803
46 2.74958 -1.11357 0.176047 -0.014166 0.709168 0.704191 -0.0315596
