0.0664589 12
0.13637 12
0.46774 12
0.650718 12
0.327064 12
0.553108 12
0.5377 12
0.516713 12
1.10235 12
0.29276 6
0.190879 6
0.24888 6
0.34784 6
0.46259 6
0.410531 6
0.483553 6
0.503976 6
0.45127 6
0.50448 6
0.127033 6
0.109034 6
0.0968779 6
0.653774 12
0.688941 12
0.746523 12
0.366313 12
0.309698 12
0.114858 6
0.154759 6
0.147713 6
0.0845673 6
0.12846 6
0.214567 6
0.363576 6
0.356596 6
3.95338 18
2.19286 12
3.52528 18
3.33775 12
1.95585 12
1.35963 12
2.32946 18
1.30103 12
1.82631 12
2.37821 12
0.452554 6
0.381347 6
0.469169 6
52.1753 6
5.07664 6
3.10368 6
2.29759 6
1.46656 6
1.2457 6
1.29503 6
1.69774 6
0.626845 6
1.09447 6
3.46815 12
4.53399 12
1.5114 6
4.6837 12
4.84519 12
8.41167 18
7.37576 12
8.28033 12
2.30615 6
2.24897 6
3.1292 12
1.73636 6
1.91447 6
2.08383 6
2.28671 6
3.34649 12
3.27 12
4.72035 12
4.82919 12
5.53072 12
1.44183 6
7.5492 18
7.98437 18
5.43293 12
3.50473 12
4.36144 12
4.1463 12
2.82658 12
3.14206 12
0.614289 6
0.703438 6
0.650461 6
2.28938 6
1.83784 6
1.59558 6
1.23323 6
1.00337 6
1.42363 6
1.43883 6
1.62641 6
2.17152 6
8.3797 12
3.15232 6
3.44861 6
3.84577 6
12.7802 12
3.99442 6
3.3084 6
3.70792 6
4.24101 6
25.6282 6
24.9981 6
29.5599 6
32.336 6
70.329 6
55.6029 6
49.1035 6
18.551 6
22.9258 6
179.08 12
208.608 12
257.095 12
53.254 6
52.6808 6
52.997 6
45.3841 6
33.3732 6
12.6344 6
19.558 6
28.801 6
35.8318 6
43.6661 6
49.9485 6
60.8071 12
81.5449 12
93.3828 12
64.2398 6
61.9238 6
65.4456 6
66.8565 6
58.5896 6
20.7602 6
20.2986 6
18.4708 6
17.0054 6
18.3356 6
153.851 6
179.681 6
208.83 6
196.754 6
220.535 6
0.772005 6
17.5002 6
18.8216 6
18.7603 6
19.2389 6
8.35874 6
74.6863 6
51.8126 6
12.2152 6
18.9014 6
34.7452 6
35.7455 6
32.2104 6
32.8068 6
73.659 12
30.1788 6
56.5071 12
125.685 12
132.181 12
143.317 12
8.6129 6
1.77099 6
27.1787 6
41.8016 12
140.882 12
65.1955 6
85.6812 6
2.75294 6
37.1561 6
2.11908 6
15.7362 6
15.0173 6
13.7637 6
83.0021 12
17.7447 6
39.4834 6
19.7563 6
168.567 12
253.277 12
1.93995 6
1.06482 6
0.864052 6
1.11195 6
27.2763 12
45.1411 6
5.12468 6
26.9094 6
25.4724 6
1.24014 6
1.19642 6
7.19554 6
2.91278 6
3.81968 6
8.7559 6
18.0001 6
12.4213 6
13.4689 6
14.8174 6
14.0278 6
87.5898 6
26.2469 6
13.5631 6
8.51669 6
6.42402 6
5.70665 6
12.4225 12
22.7933 6
13.2087 6
4.04995 6
6.8593 6
7.6454 6
31.3504 6
58.854 6
57.4468 6
62.8986 6
68.6925 6
71.3332 6
76.4199 6
124.298 6
106.87 6
60.4994 6
114.284 6
60.3265 6
42.8983 6
59.8036 6
78.0626 6
65.7626 6
65.7108 6
61.3895 6
69.9157 6
1.023 6
87.6143 12
141.436 12
173.123 12
193.367 12
18.6913 6
25.1033 6
22.8765 6
27.0139 6
31.1796 6
32.032 6
31.3925 12
19.6133 12
21.5481 12
0.891923 6
0.963609 6
0.529526 6
1.02764 6
0.901549 6
1.43943 6
1.12651 6
18.8429 12
20.9346 12
7.79757 12
4.6069 6
5.73289 6
6.27524 6
6.9055 6
2.94627 6
3.8578 6
3.16068 6
3.25846 6
3.37843 6
3.09724 6
7.87828 12
7.09025 12
1.52531 6
3.51083 6
3.70092 6
2.97879 6
2.83665 6
3.78398 6
4.14595 6
26.9644 6
12.9938 6
13.1133 6
24.5884 12
111.622 12
119.533 12
207.624 18
235.874 18
242.074 12
244.503 12
52.1407 6
50.0162 6
51.1842 6
31.2846 6
48.9356 6
51.7633 6
54.8984 6
59.4391 6
37.8268 6
1214.56 18
573.139 12
602.915 12
1172.4 18
628.956 12
665.103 12
646.456 12
1025.31 18
482.41 12
483.424 12
481.707 12
48.5739 6
