0 2.97319 -0.802509 0.383108 0.545352 -0.438222 -0.457459 0.548894
1 2.94505 0.959557 0.161554 0.53617 -0.494661 -0.473996 0.493112
2 2.42718 2.40823 0.0889671 0.701915 -0.00838302 0.0710075 0.708662
3 0.613359 4.32401 -0.160138 0.707726 -0.0803663 -0.00400523 0.70189
4 -2.88324 2.96788 -0.124275 0.503417 0.470993 0.491552 0.532084
5 -3.41182 1.96498 -0.331392 0.488579 0.473559 0.494538 0.5408
6 -2.92817 1.12537 -0.149526 0.325064 0.603059 0.614268 0.391571
7 -1.67848 -0.1512 -0.07322 0.233587 0.654926 0.677945 0.238538
8 -0.118289 -1.0214 0.0156523 0.0795422 0.704385 0.697573 0.104431
9 0.480389 -0.673195 -0.0983515 -0.0579579 0.730111 0.68077 -0.0114012
10 2.41649 2.41483 0.088997 0.577338 -0.477555 -0.410149 0.52
11 2.99759 -0.792183 0.376064 -0.392707 0.69787 0.559498 -0.213825
12 0.757774 2.20249 0.0297518 0.367114 0.576641 0.593066 0.425424
13 -4.26332 9.56095 -0.776758 0.576737 0.351234 0.396188 0.622128
14 -5.28678 8.02295 -0.360023 0.316724 0.596538 0.628196 0.386262
15 -4.44529 9.50333 -0.789819 0.686857 -0.192878 -0.132538 0.688084
16 -4.87783 12.7371 -0.939536 0.544472 0.398988 0.448908 0.585526
17 -1.26248 21.8703 -0.547004 -0.382643 0.623443 0.540813 -0.41524
18 0.212974 23.9275 -0.445932 0.688065 -0.17054 -0.0883655 0.699768
19 0.107885 23.5442 -0.463904 0.682189 -0.166088 -0.0946373 0.705745
20 0.0995042 26.1332 0.0790144 0.700001 -0.13704 -0.0493166 0.699132
21 -0.0141732 25.7278 0.0667621 0.694988 -0.157678 -0.0899716 0.695726
22 0.835905 24.4242 -0.344826 0.677514 -0.14545 -0.0866848 0.715755
23 -0.160095 25.2925 0.0420245 0.683335 -0.159013 -0.0948812 0.706234
24 1.00378 24.2854 -0.333665 0.692104 -0.150003 -0.0904741 0.700219
25 6.34617 21.4161 -0.0518312 -0.425758 0.547315 0.572523 -0.437485
26 6.3402 21.6547 -0.0488183 -0.425338 0.558243 0.565205 -0.433586
27 6.38322 21.8574 -0.0439168 -0.280329 0.697677 0.621587 -0.219754
28 2.99513 19.5352 -0.211015 0.0590909 0.712558 0.687336 0.127823
29 5.50526 19.9823 0.0687941 -0.407928 0.605977 0.563015 -0.386525
30 2.95438 19.5372 -0.219788 0.0868365 0.691147 0.697066 0.169923
31 3.05864 19.3823 -0.171034 0.562724 0.352371 0.428326 0.612954
32 3.63031 15.9909 -0.0790737 -0.411864 0.60674 0.566532 -0.375867
33 2.82136 14.3198 -0.0901499 -0.412927 0.617854 0.557892 -0.369464
34 1.69602 12.6369 -0.147771 -0.0676687 0.715463 0.695335 -0.00651711
35 -3.84077 15.2958 -0.816786 0.078529 0.683051 0.70832 0.159867
36 -1.19229 22.1046 -0.538157 -0.387264 0.62492 0.532745 -0.419147
37 1.12213 25.1569 -0.3295 0.704823 -0.348024 -0.248235 0.566112
38 1.7795 22.96 -0.222077 0.690046 -0.159126 -0.11305 0.696946
39 5.42477 20.0858 0.064554 -0.330442 0.72256 0.566099 -0.219653
40 5.44026 20.0702 0.0657314 -0.371724 0.67356 0.566468 -0.295384
41 1.7201 12.6555 -0.14304 0.110497 0.70895 0.672055 0.183088
42 2.59602 21.0442 -0.153453 -0.393938 0.616751 0.577877 -0.361232
43 3.3382 20.027 -0.154978 0.135581 0.676877 0.691057 0.214233
44 5.78735 24.3652 0.0809714 0.721714 -0.286921 -0.213965 0.592473
45 5.83524 24.3603 0.0808035 0.66986 -0.162417 -0.120842 0.714357
46 2.90801 26.1227 0.0786802 0.570058 0.357147 0.415079 0.612527
47 2.3518 26.1517 0.0345644 0.690717 -0.161463 -0.126623 0.693402
48 0.0672097 27.7315 -0.515471 0.56657 0.380788 0.411141 0.604121
49 -1.37111 23.8184 -0.347585 0.56186 0.346849 0.416554 0.624894
50 -0.373486 20.0204 -0.424065 -0.0963356 0.746887 0.653088 -0.0797188
51 -0.335483 19.9171 -0.441569 0.140622 0.682082 0.693922 0.182926
52 -0.9015 18.3131 -0.407869 -0.110461 0.716662 0.685948 -0.0605782
53 -1.24632 14.2267 -0.635443 0.14059 0.658844 0.703414 0.226644
54 -1.33498 14.2683 -0.641159 0.103418 0.683408 0.70187 0.172156
55 -3.98418 15.3445 -0.819646 0.0743028 0.680777 0.710972 0.159816
56 -3.96358 11.7478 -0.841598 0.177813 0.699661 0.647689 0.243632
57 -4.06679 11.7565 -0.849576 0.119052 0.687118 0.689686 0.195007
58 -4.11361 11.7491 -0.845296 0.0955858 0.695754 0.690364 0.173744
59 -4.82095 12.7286 -0.945617 0.542262 0.395048 0.448195 0.590771
60 -4.30283 9.70674 -0.795003 0.142346 0.688857 0.679381 0.208937
61 -4.47842 9.64704 -0.807774 -0.384588 0.637855 0.570232 -0.346508
62 -3.09967 6.44199 -0.440001 -0.0182852 0.714411 0.697827 0.0481684
63 -5.2525 8.02572 -0.365302 0.321673 0.600262 0.616652 0.394908
64 -0.770098 6.334 -0.0715116 -0.342074 0.646278 0.610489 -0.304324
65 -0.746816 6.31244 -0.0672155 -0.386709 0.65593 0.562906 -0.321479
66 -2.16349 3.98402 -0.113319 -0.0448643 0.724444 0.687644 -0.017743
67 -2.14342 4.09434 -0.126382 -0.0369443 0.734967 0.676962 -0.0134278
68 -2.12779 4.15935 -0.132374 -0.029728 0.739987 0.671855 -0.0120689
69 -3.16205 4.19466 -0.301213 0.54872 0.377083 0.415958 0.61943
70 -3.11846 4.27376 -0.309266 0.548462 0.378753 0.411438 0.621655
71 -3.93351 3.47103 -0.526916 0.536497 0.389281 0.40821 0.627692
72 -3.74941 2.52252 -0.302151 0.403809 0.547826 0.532594 0.503158
73 -3.72964 2.59207 -0.310075 0.396542 0.544818 0.540178 0.504118
74 -3.69213 2.6527 -0.314595 0.403188 0.546916 0.531063 0.506255
75 -2.93026 1.12507 -0.150312 0.315998 0.613971 0.61896 0.374264
76 1.18049 -1.0639 0.619893 -0.47108 0.562428 0.503754 -0.45606
77 1.7497 0.556135 0.361027 -0.446516 0.530959 0.53983 -0.476749
78 -1.09072 -0.13164 -0.0317588 0.0479191 0.738445 0.661497 0.121754
79 1.75319 0.596573 0.347215 -0.455456 0.610209 0.520101 -0.386911
80 1.64302 0.635997 0.325049 -0.449452 0.618654 0.521257 -0.378882
81 1.70453 0.629009 0.33443 -0.45337 0.608522 0.521531 -0.390081
82 1.67289 2.14929 0.182191 0.663499 -0.128358 -0.0249452 0.736662
83 1.72567 2.18242 0.185089 0.673282 -0.153596 -0.0287031 0.722687
