1.01459 12
0.357244 12
0.240737 6
0.206728 6
0.127295 6
0.162408 6
0.174882 6
0.275987 6
0.242583 6
0.163095 6
0.209372 6
0.235512 6
0.149369 6
0.786713 12
1.14998 12
0.569299 12
0.228569 6
0.231028 6
0.18112 6
0.156199 6
0.0857675 12
0.455219 12
0.381364 18
0.240538 12
0.0386976 6
0.0591481 6
2.32719 18
1.5138 12
1.58511 12
2.77017 12
0.820763 12
0.269564 6
0.65369 6
0.139119 6
0.141532 6
0.120005 6
0.109744 6
0.131018 6
0.116868 6
0.211417 6
0.196929 6
1.14031 6
0.162059 6
0.150845 6
0.277904 6
0.630649 6
0.601243 6
0.517753 6
0.16985 6
0.346993 6
0.0484702 6
0.716368 6
1.0195 6
1.38055 6
1.38237 6
1.21575 6
0.485474 6
0.838645 6
0.184563 6
1.11378 6
0.225559 6
0.34622 6
1.23817 6
0.364347 6
0.485474 6
1.15512 6
1.24607 6
1.13749 6
0.52351 6
0.667121 6
0.154033 6
0.274916 6
0.400662 6
0.425041 6
9.76532 12
1.29471 6
0.839236 6
1.17625 6
1.13222 6
1.44469 6
1.419 6
1.0923 6
1.10552 6
0.58125 6
